13

1

1 0 	0 	0 	300 	 900 0 		0	 10 30 miedz
1 1 	300 	0 	600	 400 0 		0	 100 100 miedz
1 2 	600 	0 	700	 200 0 		0	 50 50 miedz2
1 3 	700 	0 	900	 300 0 		0	 100 100 miedz
1 4 	600 	200	700	 300 1 		250 	 100 100 zmiedz
1 5 	600 	300 	900	 500 0 		0	 100 100 miedz 
1 6 	300	400 	400	 500 1 		250	 100 100 miedzz
1 7	400	400	600	 500 0		0	 50 50 miedz2
1 8	300	500	700	 600 0 		0	 100 100 miedz
1 9	700	500	900	 900 0 		0	 100 100 miedz
1 10	300	600	600	 900 0 		0	 100 100 miedz
1 11	600	600	700	 700 1		250	 100 100 zmiedz
1 12	600	700	700	 900 0		0	 50 50 miedz2